,L00,L01,L02,L03,L04,L05,L06,L07,L08,L09,L10,L11,L12,L13,L14,L15,L16,L17,L18,L19,L20,L21,L22,L23
L00,1.0,0.17670234,0.066435404,0.06769776,0.050447468,0.043173727,0.046187922,0.05435415,0.055844683,0.17366369,0.16221213,0.18973918,0.28950596,0.2643742,0.24585329,0.17440698,0.17416534,0.17695825,0.1687981,0.18951733,0.22353336,0.26395613,0.32010013,0.334382
L01,0.17670234,1.0,0.70302594,0.70477474,0.5842581,0.54149425,0.54812115,0.5577103,0.5412959,0.5165798,0.51230353,0.5153256,0.45772785,0.47343948,0.47134647,0.42162916,0.43819734,0.4230688,0.41760468,0.4144024,0.3896021,0.3476659,0.29115927,0.19863015
L02,0.066435404,0.70302594,1.0,0.9949292,0.8310042,0.7847704,0.7998768,0.80672926,0.77197593,0.7430105,0.74535966,0.75149006,0.64020956,0.6660614,0.6694951,0.6354075,0.6340142,0.59751314,0.5853744,0.5662917,0.5268151,0.45234078,0.36404702,0.22503388
L03,0.06769776,0.70477474,0.9949292,1.0,0.84309673,0.79863423,0.8144047,0.8202508,0.78501946,0.75654006,0.7586392,0.765931,0.652744,0.67781234,0.679735,0.6436084,0.64269817,0.60705274,0.59453845,0.5744811,0.5352396,0.461059,0.3715775,0.23058204
L04,0.050447468,0.5842581,0.8310042,0.84309673,1.0,0.99454373,0.9861949,0.9799034,0.93725204,0.88886184,0.9039345,0.8936785,0.7751656,0.81522816,0.8181981,0.82614225,0.8250094,0.78725785,0.7819303,0.742467,0.67632335,0.56983745,0.44571117,0.27482536
L05,0.043173727,0.54149425,0.7847704,0.79863423,0.99454373,1.0,0.9897731,0.98112327,0.9397344,0.8918263,0.90736395,0.8939205,0.7787777,0.8194064,0.8211619,0.833529,0.83295137,0.79903156,0.7960536,0.7551657,0.6872975,0.5773333,0.44960222,0.27821526
L06,0.046187922,0.54812115,0.7998768,0.8144047,0.9861949,0.9897731,1.0,0.9965133,0.9670979,0.9141835,0.9258205,0.91395676,0.7976432,0.8368221,0.83751947,0.8467143,0.84527814,0.81185913,0.80732304,0.7659189,0.69721687,0.586818,0.45815453,0.2850407
L07,0.05435415,0.5577103,0.80672926,0.8202508,0.9799034,0.98112327,0.9965133,1.0,0.9787992,0.9239489,0.93541694,0.9215654,0.8062837,0.84481573,0.84548736,0.8527145,0.8527296,0.8175273,0.81212336,0.77301586,0.7040128,0.5951679,0.46752566,0.29387617
L08,0.055844683,0.5412959,0.77197593,0.78501946,0.93725204,0.9397344,0.9670979,0.9787992,1.0,0.9300561,0.9301147,0.9056059,0.79029226,0.82369435,0.8211852,0.8220617,0.8230265,0.78903425,0.78347135,0.7488685,0.68201905,0.5781867,0.45468777,0.28848827
L09,0.17366369,0.5165798,0.7430105,0.75654006,0.88886184,0.8918263,0.9141835,0.9239489,0.9300561,1.0,0.99023104,0.9705149,0.8884287,0.8978263,0.888628,0.85320145,0.84866714,0.8199444,0.8140491,0.7913458,0.74664474,0.6545352,0.54503417,0.38411593
L10,0.16221213,0.51230353,0.74535966,0.7586392,0.9039345,0.90736395,0.9258205,0.93541694,0.9301147,0.99023104,1.0,0.98264074,0.8994969,0.9159861,0.90896726,0.8810228,0.8785783,0.8470574,0.8413413,0.8182477,0.7698357,0.6746669,0.5611143,0.3933704
L11,0.18973918,0.5153256,0.75149006,0.765931,0.8936785,0.8939205,0.91395676,0.9215654,0.9056059,0.9705149,0.98264074,1.0,0.9259385,0.94057536,0.9311837,0.8958259,0.88926405,0.8591096,0.8503013,0.82636267,0.78319854,0.6934316,0.5836173,0.4146735
L12,0.28950596,0.45772785,0.64020956,0.652744,0.7751656,0.7787777,0.7976432,0.8062837,0.79029226,0.8884287,0.8994969,0.9259385,1.0,0.97592527,0.95628417,0.885874,0.8759942,0.85763735,0.8463001,0.8272155,0.7916845,0.7176539,0.62284654,0.46781322
L13,0.2643742,0.47343948,0.6660614,0.67781234,0.81522816,0.8194064,0.8368221,0.84481573,0.82369435,0.8978263,0.9159861,0.94057536,0.97592527,1.0,0.9885718,0.93849003,0.9306538,0.91692525,0.90820885,0.8899398,0.85443074,0.77618045,0.674583,0.5120912
L14,0.24585329,0.47134647,0.6694951,0.679735,0.8181981,0.8211619,0.83751947,0.84548736,0.8211852,0.888628,0.90896726,0.9311837,0.95628417,0.9885718,1.0,0.96602345,0.9584681,0.94492704,0.93393826,0.9121783,0.87369496,0.7913643,0.6833246,0.51521045
L15,0.17440698,0.42162916,0.6354075,0.6436084,0.82614225,0.833529,0.8467143,0.8527145,0.8220617,0.85320145,0.8810228,0.8958259,0.885874,0.93849003,0.96602345,1.0,0.992448,0.97599137,0.9649978,0.9306352,0.8735131,0.7763351,0.65528077,0.47985014
L16,0.17416534,0.43819734,0.6340142,0.64269817,0.8250094,0.83295137,0.84527814,0.8527296,0.8230265,0.84866714,0.8785783,0.88926405,0.8759942,0.9306538,0.9584681,0.992448,1.0,0.9846196,0.97352725,0.948542,0.89480036,0.8068633,0.689575,0.51291126
L17,0.17695825,0.4230688,0.59751314,0.60705274,0.78725785,0.79903156,0.81185913,0.8175273,0.78903425,0.8199444,0.8470574,0.8591096,0.85763735,0.91692525,0.94492704,0.97599137,0.9846196,1.0,0.99508464,0.97453904,0.92697513,0.8416942,0.7232252,0.5513113
L18,0.1687981,0.41760468,0.5853744,0.59453845,0.7819303,0.7960536,0.80732304,0.81212336,0.78347135,0.8140491,0.8413413,0.8503013,0.8463001,0.90820885,0.93393826,0.9649978,0.97352725,0.99508464,1.0,0.9828577,0.93747026,0.8514808,0.7330099,0.5627337
L19,0.18951733,0.4144024,0.5662917,0.5744811,0.742467,0.7551657,0.7659189,0.77301586,0.7488685,0.7913458,0.8182477,0.82636267,0.8272155,0.8899398,0.9121783,0.9306352,0.948542,0.97453904,0.9828577,1.0,0.9804104,0.92125654,0.81352204,0.6473878
L20,0.22353336,0.3896021,0.5268151,0.5352396,0.67632335,0.6872975,0.69721687,0.7040128,0.68201905,0.74664474,0.7698357,0.78319854,0.7916845,0.85443074,0.87369496,0.8735131,0.89480036,0.92697513,0.93747026,0.9804104,1.0,0.97143626,0.8852143,0.73215765
L21,0.26395613,0.3476659,0.45234078,0.461059,0.56983745,0.5773333,0.586818,0.5951679,0.5781867,0.6545352,0.6746669,0.6934316,0.7176539,0.77618045,0.7913643,0.7763351,0.8068633,0.8416942,0.8514808,0.92125654,0.97143626,1.0,0.9527834,0.82306623
L22,0.32010013,0.29115927,0.36404702,0.3715775,0.44571117,0.44960222,0.45815453,0.46752566,0.45468777,0.54503417,0.5611143,0.5836173,0.62284654,0.674583,0.6833246,0.65528077,0.689575,0.7232252,0.7330099,0.81352204,0.8852143,0.9527834,1.0,0.9492862
L23,0.334382,0.19863015,0.22503388,0.23058204,0.27482536,0.27821526,0.2850407,0.29387617,0.28848827,0.38411593,0.3933704,0.4146735,0.46781322,0.5120912,0.51521045,0.47985014,0.51291126,0.5513113,0.5627337,0.6473878,0.73215765,0.82306623,0.9492862,1.0
