,L00,L01,L02,L03,L04,L05,L06,L07,L08,L09,L10,L11,L12,L13,L14,L15,L16,L17,L18,L19,L20,L21,L22,L23
L00,1.0,0.43562126,0.13378364,0.14140503,0.17266148,0.2160862,0.2588536,0.304568,0.32898548,0.38714346,0.40033478,0.40220636,0.28084242,0.29315934,0.32082453,0.32961005,0.36353275,0.37149632,0.37834746,0.39082268,0.39451185,0.3989896,0.40810353,0.3808784
L01,0.43562126,1.0,0.74915177,0.70833814,0.705756,0.6966489,0.67424196,0.68779194,0.63111174,0.53480834,0.51879966,0.5311022,0.43642473,0.44630364,0.48119903,0.48926228,0.48629832,0.46842888,0.46742132,0.4594196,0.44561836,0.431578,0.42361227,0.39489985
L02,0.13378364,0.74915177,1.0,0.9842291,0.95240474,0.8985195,0.82238233,0.80566907,0.6826546,0.47542182,0.44369775,0.45917168,0.3768465,0.3781,0.4058863,0.40889072,0.38458112,0.36680472,0.3590856,0.34337422,0.32514995,0.30419207,0.29215357,0.27042967
L03,0.14140503,0.70833814,0.9842291,1.0,0.9763341,0.92227095,0.85469043,0.8382721,0.71128345,0.4866939,0.4584134,0.47368652,0.3922723,0.38764486,0.41486028,0.41949695,0.3982137,0.38426426,0.37814665,0.36047104,0.3386706,0.3120263,0.29502356,0.27304783
L04,0.17266148,0.705756,0.95240474,0.9763341,1.0,0.97150844,0.9182546,0.90570986,0.79379845,0.5518787,0.5393552,0.56346154,0.51816124,0.5035814,0.52671576,0.53096837,0.5058301,0.49465787,0.48388672,0.4498055,0.41463533,0.37927222,0.35802624,0.33101153
L05,0.2160862,0.6966489,0.8985195,0.92227095,0.97150844,1.0,0.96665484,0.9504888,0.84913146,0.6188914,0.6143956,0.6403081,0.60597193,0.58845943,0.6110246,0.61662227,0.5953623,0.5846006,0.57414925,0.5374982,0.49868736,0.4613483,0.43695727,0.40599823
L06,0.2588536,0.67424196,0.82238233,0.85469043,0.9182546,0.96665484,1.0,0.9870864,0.8903494,0.6924273,0.69367015,0.7202462,0.6756845,0.6629123,0.69056696,0.70293474,0.69193333,0.6771041,0.67403466,0.6405374,0.60261434,0.560139,0.5331026,0.5008605
L07,0.304568,0.68779194,0.80566907,0.8382721,0.90570986,0.9504888,0.9870864,1.0,0.91979456,0.736375,0.74246097,0.7703829,0.706153,0.6991921,0.7288214,0.7404846,0.7323515,0.71908796,0.7137747,0.6840668,0.6490371,0.6086871,0.581935,0.54814386
L08,0.32898548,0.63111174,0.6826546,0.71128345,0.79379845,0.84913146,0.8903494,0.91979456,1.0,0.7736494,0.7905851,0.8100312,0.7663959,0.7563403,0.77761286,0.779482,0.7623581,0.7521668,0.74287045,0.70781916,0.67354643,0.6373931,0.6098293,0.5774273
L09,0.38714346,0.53480834,0.47542182,0.4866939,0.5518787,0.6188914,0.6924273,0.736375,0.7736494,1.0,0.9815498,0.9614045,0.73826414,0.7532726,0.7706145,0.7712381,0.7735739,0.7539156,0.7459918,0.73574793,0.72624874,0.703916,0.6902798,0.6632115
L10,0.40033478,0.51879966,0.44369775,0.4584134,0.5393552,0.6143956,0.69367015,0.74246097,0.7905851,0.9815498,1.0,0.9896586,0.7921101,0.80517757,0.8222559,0.82265747,0.82213944,0.8039437,0.79209536,0.77705497,0.7635744,0.73928803,0.7240293,0.69575226
L11,0.40220636,0.5311022,0.45917168,0.47368652,0.56346154,0.6403081,0.7202462,0.7703829,0.8100312,0.9614045,0.9896586,1.0,0.8164496,0.8277007,0.8466645,0.8475461,0.8474592,0.8267126,0.81318223,0.79532194,0.7777165,0.7514023,0.7356076,0.70636064
L12,0.28084242,0.43642473,0.3768465,0.3922723,0.51816124,0.60597193,0.6756845,0.706153,0.7663959,0.73826414,0.7921101,0.8164496,1.0,0.96549755,0.95580727,0.94316983,0.9147438,0.89617133,0.8671297,0.7981559,0.73802775,0.6913463,0.6559933,0.6162465
L13,0.29315934,0.44630364,0.3781,0.38764486,0.5035814,0.58845943,0.6629123,0.6991921,0.7563403,0.7532726,0.80517757,0.8277007,0.96549755,1.0,0.98875993,0.973878,0.95395696,0.9363603,0.91059595,0.85960656,0.8111071,0.76872647,0.73023117,0.68934965
L14,0.32082453,0.48119903,0.4058863,0.41486028,0.52671576,0.6110246,0.69056696,0.7288214,0.77761286,0.7706145,0.8222559,0.8466645,0.95580727,0.98875993,1.0,0.9926615,0.9787529,0.9582358,0.9373693,0.89326626,0.8472553,0.80459565,0.7674213,0.72533745
L15,0.32961005,0.48926228,0.40889072,0.41949695,0.53096837,0.61662227,0.70293474,0.7404846,0.779482,0.7712381,0.82265747,0.8475461,0.94316983,0.973878,0.9926615,1.0,0.98975384,0.97160906,0.9552015,0.91585183,0.87172693,0.8284929,0.7935556,0.7520419
L16,0.36353275,0.48629832,0.38458112,0.3982137,0.5058301,0.5953623,0.69193333,0.7323515,0.7623581,0.7735739,0.82213944,0.8474592,0.9147438,0.95395696,0.9787529,0.98975384,1.0,0.9844093,0.97611636,0.94739795,0.90666425,0.8656149,0.82960445,0.78700435
L17,0.37149632,0.46842888,0.36680472,0.38426426,0.49465787,0.5846006,0.6771041,0.71908796,0.7521668,0.7539156,0.8039437,0.8267126,0.89617133,0.9363603,0.9582358,0.97160906,0.9844093,1.0,0.9909207,0.96263516,0.92225456,0.8827616,0.84725887,0.8013391
L18,0.37834746,0.46742132,0.3590856,0.37814665,0.48388672,0.57414925,0.67403466,0.7137747,0.74287045,0.7459918,0.79209536,0.81318223,0.8671297,0.91059595,0.9373693,0.9552015,0.97611636,0.9909207,1.0,0.979896,0.94217956,0.9042121,0.87153155,0.8282209
L19,0.39082268,0.4594196,0.34337422,0.36047104,0.4498055,0.5374982,0.6405374,0.6840668,0.70781916,0.73574793,0.77705497,0.79532194,0.7981559,0.85960656,0.89326626,0.91585183,0.94739795,0.96263516,0.979896,1.0,0.9858576,0.96061105,0.93160623,0.89667964
L20,0.39451185,0.44561836,0.32514995,0.3386706,0.41463533,0.49868736,0.60261434,0.6490371,0.67354643,0.72624874,0.7635744,0.7777165,0.73802775,0.8111071,0.8472553,0.87172693,0.90666425,0.92225456,0.94217956,0.9858576,1.0,0.9886792,0.96804136,0.9417674
L21,0.3989896,0.431578,0.30419207,0.3120263,0.37927222,0.4613483,0.560139,0.6086871,0.6373931,0.703916,0.73928803,0.7514023,0.6913463,0.76872647,0.80459565,0.8284929,0.8656149,0.8827616,0.9042121,0.96061105,0.9886792,1.0,0.9890353,0.96938634
L22,0.40810353,0.42361227,0.29215357,0.29502356,0.35802624,0.43695727,0.5331026,0.581935,0.6098293,0.6902798,0.7240293,0.7356076,0.6559933,0.73023117,0.7674213,0.7935556,0.82960445,0.84725887,0.87153155,0.93160623,0.96804136,0.9890353,1.0,0.98954374
L23,0.3808784,0.39489985,0.27042967,0.27304783,0.33101153,0.40599823,0.5008605,0.54814386,0.5774273,0.6632115,0.69575226,0.70636064,0.6162465,0.68934965,0.72533745,0.7520419,0.78700435,0.8013391,0.8282209,0.89667964,0.9417674,0.96938634,0.98954374,1.0
