,L00,L01,L02,L03,L04,L05,L06,L07,L08,L09,L10,L11,L12,L13,L14,L15,L16,L17,L18,L19,L20,L21,L22,L23
L00,1.0,0.41393197,0.2963377,0.29595205,0.32450074,0.33025852,0.3390748,0.34508368,0.35098866,0.37137747,0.37443012,0.37496373,0.39061663,0.41908303,0.42468756,0.43404222,0.43794674,0.45101488,0.45655498,0.4694964,0.48338068,0.5034808,0.5125462,0.49804053
L01,0.41393197,1.0,0.783887,0.76931256,0.69619673,0.66958517,0.68971795,0.69925004,0.69975764,0.6980101,0.70093524,0.7029446,0.6874024,0.6902508,0.6861504,0.68457407,0.6869571,0.67040974,0.66067517,0.65064144,0.6417434,0.6210802,0.5912379,0.52740324
L02,0.2963377,0.783887,1.0,0.99430966,0.9214088,0.8910922,0.90426373,0.9070897,0.90204966,0.8842385,0.88244563,0.88842374,0.861991,0.8501058,0.84068096,0.8405674,0.836347,0.8006701,0.7834564,0.75697184,0.737165,0.6981041,0.64726734,0.5619631
L03,0.29595205,0.76931256,0.99430966,1.0,0.93893445,0.9116887,0.9248177,0.92787266,0.9233679,0.90596473,0.905166,0.91083086,0.8841632,0.8711649,0.8623595,0.8611262,0.8574872,0.82183725,0.8055108,0.77899796,0.7586668,0.71841604,0.66495484,0.5776204
L04,0.32450074,0.69619673,0.9214088,0.93893445,1.0,0.9960411,0.9945628,0.992574,0.9876181,0.9653024,0.96667415,0.969002,0.9491526,0.9408835,0.93192005,0.9295622,0.92248684,0.8925949,0.8839337,0.855229,0.8369495,0.7967525,0.73638463,0.64925784
L05,0.33025852,0.66958517,0.8910922,0.9116887,0.9960411,1.0,0.99666387,0.9943961,0.9904298,0.9680724,0.9700973,0.9720605,0.95459574,0.94871885,0.9409492,0.9382186,0.9305354,0.9043238,0.89792985,0.86981523,0.8525404,0.81361187,0.7519349,0.665488
L06,0.3390748,0.68971795,0.90426373,0.9248177,0.9945628,0.99666387,1.0,0.9993341,0.99690026,0.9786361,0.9796572,0.9813588,0.9633755,0.9579272,0.9504632,0.9480215,0.94107324,0.9164402,0.9087166,0.88218474,0.8650669,0.8259862,0.7647841,0.67693615
L07,0.34508368,0.69925004,0.9070897,0.92787266,0.992574,0.9943961,0.9993341,1.0,0.9984187,0.9808133,0.9826349,0.9845259,0.96740496,0.96253186,0.95561683,0.9530503,0.9465498,0.92252046,0.9149489,0.8890167,0.8722489,0.83384275,0.77318615,0.68502843
L08,0.35098866,0.69975764,0.90204966,0.9233679,0.9876181,0.9904298,0.99690026,0.9984187,1.0,0.9826399,0.9845348,0.98563266,0.9688003,0.96511924,0.95859945,0.95573974,0.9494832,0.92674184,0.91956466,0.8946371,0.8782764,0.84110475,0.78094125,0.69326353
L09,0.37137747,0.6980101,0.8842385,0.90596473,0.9653024,0.9680724,0.9786361,0.9808133,0.9826399,1.0,0.99697703,0.9938348,0.98105,0.9761477,0.9726621,0.9682019,0.9649032,0.95283675,0.94497365,0.9279174,0.91363305,0.8792522,0.8239049,0.73740816
L10,0.37443012,0.70093524,0.88244563,0.905166,0.96667415,0.9700973,0.9796572,0.9826349,0.9845348,0.99697703,1.0,0.9980891,0.9872344,0.9828424,0.97969705,0.97392976,0.97027427,0.9570193,0.9506034,0.9321273,0.91831493,0.8843715,0.8283827,0.7424689
L11,0.37496373,0.7029446,0.88842374,0.91083086,0.969002,0.9720605,0.9813588,0.9845259,0.98563266,0.9938348,0.9980891,1.0,0.990941,0.98636305,0.9823517,0.97676796,0.9722515,0.9569872,0.95041865,0.9304222,0.91676414,0.88302094,0.82776636,0.74212444
L12,0.39061663,0.6874024,0.861991,0.8841632,0.9491526,0.95459574,0.9633755,0.96740496,0.9688003,0.98105,0.9872344,0.990941,1.0,0.9937792,0.989905,0.9830195,0.9780094,0.9665369,0.9618133,0.9428417,0.93169314,0.90275145,0.85393274,0.7753898
L13,0.41908303,0.6902508,0.8501058,0.8711649,0.9408835,0.94871885,0.9579272,0.96253186,0.96511924,0.9761477,0.9828424,0.98636305,0.9937792,1.0,0.997541,0.9933097,0.989104,0.980388,0.9767518,0.9612837,0.9517685,0.9269636,0.8789661,0.7994128
L14,0.42468756,0.6861504,0.84068096,0.8623595,0.93192005,0.9409492,0.9504632,0.95561683,0.95859945,0.9726621,0.97969705,0.9823517,0.989905,0.997541,1.0,0.9966665,0.99316335,0.9874448,0.984113,0.97031546,0.9613018,0.93729675,0.8889413,0.80859506
L15,0.43404222,0.68457407,0.8405674,0.8611262,0.9295622,0.9382186,0.9480215,0.9530503,0.95573974,0.9682019,0.97392976,0.97676796,0.9830195,0.9933097,0.9966665,1.0,0.9976403,0.9911265,0.9863986,0.9736007,0.9648831,0.9428943,0.89726126,0.8170892
L16,0.43794674,0.6869571,0.836347,0.8574872,0.92248684,0.9305354,0.94107324,0.9465498,0.9494832,0.9649032,0.97027427,0.9722515,0.9780094,0.989104,0.99316335,0.9976403,1.0,0.9943362,0.9894379,0.9792566,0.9704138,0.9504374,0.9077693,0.8283469
L17,0.45101488,0.67040974,0.8006701,0.82183725,0.8925949,0.9043238,0.9164402,0.92252046,0.92674184,0.95283675,0.9570193,0.9569872,0.9665369,0.980388,0.9874448,0.9911265,0.9943362,1.0,0.99751735,0.99264246,0.9865291,0.9699355,0.93060946,0.8544294
L18,0.45655498,0.66067517,0.7834564,0.8055108,0.8839337,0.89792985,0.9087166,0.9149489,0.91956466,0.94497365,0.9506034,0.95041865,0.9618133,0.9767518,0.984113,0.9863986,0.9894379,0.99751735,1.0,0.99626464,0.99163055,0.97742957,0.940624,0.86758214
L19,0.4694964,0.65064144,0.75697184,0.77899796,0.855229,0.86981523,0.88218474,0.8890167,0.8946371,0.9279174,0.9321273,0.9304222,0.9428417,0.9612837,0.97031546,0.9736007,0.9792566,0.99264246,0.99626464,1.0,0.99785894,0.98813874,0.9556838,0.8868404
L20,0.48338068,0.6417434,0.737165,0.7586668,0.8369495,0.8525404,0.8650669,0.8722489,0.8782764,0.91363305,0.91831493,0.91676414,0.93169314,0.9517685,0.9613018,0.9648831,0.9704138,0.9865291,0.99163055,0.99785894,1.0,0.9941384,0.9657456,0.90173376
L21,0.5034808,0.6210802,0.6981041,0.71841604,0.7967525,0.81361187,0.8259862,0.83384275,0.84110475,0.8792522,0.8843715,0.88302094,0.90275145,0.9269636,0.93729675,0.9428943,0.9504374,0.9699355,0.97742957,0.98813874,0.9941384,1.0,0.98483485,0.93260825
L22,0.5125462,0.5912379,0.64726734,0.66495484,0.73638463,0.7519349,0.7647841,0.77318615,0.78094125,0.8239049,0.8283827,0.82776636,0.85393274,0.8789661,0.8889413,0.89726126,0.9077693,0.93060946,0.940624,0.9556838,0.9657456,0.98483485,1.0,0.97085816
L23,0.49804053,0.52740324,0.5619631,0.5776204,0.64925784,0.665488,0.67693615,0.68502843,0.69326353,0.73740816,0.7424689,0.74212444,0.7753898,0.7994128,0.80859506,0.8170892,0.8283469,0.8544294,0.86758214,0.8868404,0.90173376,0.93260825,0.97085816,1.0
